box 0 0 1 -0.645995 0.00457428 0.789098 0 0 0 0.900796 0.0984749 3.33838 board
box 0 0 1 0.650919 0.00457428 0.766301 0 0 0 0.900796 0.0984749 3.33838 board
box 1 1 0 -0.62514 0.136173 0.545167 0 0 0 0.370208 0.200076 0.651745 shoe
box 1 1 0 0.617192 0.136173 0.542502 0 0 0 0.370208 0.200076 0.651745 shoe
box 0.4 0.4 0.4 -0.649319 1.22046 -0.020553 0 0 0 -0.698069 2.36665 0.48321 denim
box 0.4 0.4 0.4 0.654706 1.22046 -0.0238019 0 0 0 -0.698069 2.36665 0.48321 denim
box 0.4 0.4 0.4 -0.0129122 2.00006 -0.0198227 -0.294426 -0.531764 -0.209365 -0.690105 0.775461 0.493699 denim
box 0.5 1 1 0.0430092 3.63452 0.0487067 0 0 0 -2.59927 2.45822 0.815181 shirt
box 1 0.8 0.5 -1.74258 4.13552 -0.199015 123.747 0 0 -0.978825 0.46483 -1.12259 skin
box 1 0.8 0.5 1.82335 4.11847 -0.218314 123.747 0 0 -0.978825 0.46483 -1.12259 skin
box 1 0.8 0.5 1.81882 3.41024 0.261726 33.4619 0 0 -0.962496 0.46483 -1.12259 skin
box 1 0.8 0.5 -1.73855 3.4107 0.272813 34.0366 0 0 -0.969454 0.46483 -1.12259 skin
box 0 1 0 -1.75008 2.93146 1.01798 31.4581 0 0 -1.12738 0.698742 -0.726918 glove
box 0 1 0 1.82828 2.90966 1.00757 31.4581 0 0 -1.12789 0.698742 -0.726918 glove
box 0 0 1 1.82961 2.09478 0.458031 29.2781 90.4311 4.77417 -0.271728 -3.39258 -0.276298 board
cyllinder 1 0 0 1.82391 0.597109 -0.573013 123.345 177.858 440.783 -0.271728 -0.240305 -0.264314 red
cyllinder 1 0 0 -1.84481 0.6409 -0.570647 123.319 177.858 440.783 -0.271728 -0.240305 -0.264314 red
box 0 0 1 -1.785 2.07639 0.40228 124.423 177.858 450.652 -0.2691 -0.265054 -3.39918 board
box 1 0.8 0.5 -0.0238551 5.36414 0.130291 180.943 181.482 630.515 -1.10696 -1.41572 -1.1512 skin
